   1.9410541e+01   1.1458990e+01   0.0000000e+00
   2.3765585e+01   1.3972661e+01   0.0000000e+00
   1.0719978e+01   8.8566508e+00   0.0000000e+00
   2.1131033e+01   1.4609140e+01   0.0000000e+00
   1.9848733e+01   1.5729132e+01   0.0000000e+00
   1.3925058e+01   1.0738647e+01   0.0000000e+00
   1.6694876e+01   1.1765811e+01   0.0000000e+00
   1.9281191e+01   1.3184582e+01   0.0000000e+00
   2.9336817e+01   1.6195702e+01   0.0000000e+00
   2.6569320e+01   1.4428754e+01   0.0000000e+00
   1.4148862e+01   1.2119149e+01   0.0000000e+00
   2.6863365e+01   1.2551840e+01   0.0000000e+00
   2.0060464e+01   1.1899708e+01   0.0000000e+00
   1.8117528e+01   1.3195243e+01   0.0000000e+00
   2.0985654e+01   1.5723073e+01   0.0000000e+00
   1.7669299e+01   1.3034304e+01   0.0000000e+00
   1.7024552e+01   9.5258693e+00   0.0000000e+00
   2.2685623e+01   1.3610970e+01   0.0000000e+00
   2.2181043e+01   1.2520276e+01   0.0000000e+00
   2.2129550e+01   1.2220486e+01   0.0000000e+00
   1.9904897e+01   1.1897371e+01   0.0000000e+00
   1.3937656e+01   9.6367231e+00   0.0000000e+00
   1.9991314e+01   1.1717011e+01   0.0000000e+00
   2.2498498e+01   1.1246287e+01   0.0000000e+00
   1.9284200e+01   1.1514522e+01   0.0000000e+00
   2.1162714e+01   1.2751888e+01   0.0000000e+00
   2.0267825e+01   1.2712122e+01   0.0000000e+00
   1.6981849e+01   1.1416967e+01   0.0000000e+00
   1.8805309e+01   1.1841713e+01   0.0000000e+00
   1.5654996e+01   1.1673735e+01   0.0000000e+00
   2.0894328e+01   1.3360762e+01   0.0000000e+00
   1.5199605e+01   1.3989727e+01   0.0000000e+00
   1.5103434e+01   1.2705745e+01   0.0000000e+00
   1.5428167e+01   1.1021903e+01   0.0000000e+00
   9.4661554e+00   1.1723889e+01   0.0000000e+00
   2.2192375e+01   1.2228125e+01   0.0000000e+00
   1.8085203e+01   8.6011209e+00   0.0000000e+00
   1.4561595e+01   6.9280574e+00   0.0000000e+00
   2.1254098e+01   9.2579587e+00   0.0000000e+00
   1.2746887e+01   1.0669987e+01   0.0000000e+00
   1.7383460e+01   1.0709627e+01   0.0000000e+00
   1.6915579e+01   1.0438956e+01   0.0000000e+00
   1.8977949e+01   1.2240918e+01   0.0000000e+00
   1.8609085e+01   1.0838466e+01   0.0000000e+00
   1.5090103e+01   1.0306530e+01   0.0000000e+00
   1.8214659e+01   1.3204225e+01   0.0000000e+00
   1.7896530e+01   1.3482230e+01   0.0000000e+00
   2.1101414e+01   1.7187022e+01   0.0000000e+00
   2.1431001e+01   1.3151448e+01   0.0000000e+00
   2.1356980e+01   1.2671276e+01   0.0000000e+00
   1.5121975e+01   1.0419906e+01   0.0000000e+00
   1.8134471e+01   1.1648255e+01   0.0000000e+00
   1.4332383e+01   1.1291879e+01   0.0000000e+00
   1.3781610e+01   7.9316995e+00   0.0000000e+00
   1.7850773e+01   1.1481860e+01   0.0000000e+00
   2.2972662e+01   1.4265399e+01   0.0000000e+00
   1.5405620e+01   1.0473638e+01   0.0000000e+00
   1.9361253e+01   1.3174156e+01   0.0000000e+00
   1.7818967e+01   1.3870089e+01   0.0000000e+00
   2.1890638e+01   1.4712958e+01   0.0000000e+00
   1.5121228e+01   1.3009151e+01   0.0000000e+00
   1.6967752e+01   7.4965980e+00   0.0000000e+00
   1.9375393e+01   1.1147510e+01   0.0000000e+00
   2.1752576e+01   1.4353288e+01   0.0000000e+00
   2.2829973e+01   1.3561457e+01   0.0000000e+00
   1.8260221e+01   1.2052674e+01   0.0000000e+00
   1.3743688e+01   1.2128042e+01   0.0000000e+00
   1.6338131e+01   1.3888995e+01   0.0000000e+00
   1.4892140e+01   1.1776751e+01   0.0000000e+00
   2.4672058e+01   1.1657974e+01   0.0000000e+00
   1.6063113e+01   1.1331873e+01   0.0000000e+00
   2.0140336e+01   1.1958459e+01   0.0000000e+00
   1.7871117e+01   1.3697281e+01   0.0000000e+00
   2.0871985e+01   1.3268921e+01   0.0000000e+00
   1.5979212e+01   1.2712615e+01   0.0000000e+00
   1.3867111e+01   1.1594536e+01   0.0000000e+00
   1.3551739e+01   1.0564278e+01   0.0000000e+00
   1.9495152e+01   1.2366380e+01   0.0000000e+00
   1.7576227e+01   1.2344724e+01   0.0000000e+00
   1.6712778e+01   9.1057284e+00   0.0000000e+00
   2.2347366e+01   1.3067396e+01   0.0000000e+00
   1.9338545e+01   1.4000961e+01   0.0000000e+00
   1.8538344e+01   1.1878550e+01   0.0000000e+00
   2.3549296e+01   1.5938645e+01   0.0000000e+00
   1.5866847e+01   1.2718748e+01   0.0000000e+00
   1.9879701e+01   1.1507623e+01   0.0000000e+00
   2.0428292e+01   1.2109653e+01   0.0000000e+00
   1.7131255e+01   1.1327745e+01   0.0000000e+00
   1.8767570e+01   1.2590076e+01   0.0000000e+00
   1.4879811e+01   1.2926451e+01   0.0000000e+00
   1.4410187e+01   1.0842204e+01   0.0000000e+00
   1.8543847e+01   1.2969328e+01   0.0000000e+00
   2.1044406e+01   1.5871704e+01   0.0000000e+00
   2.6222219e+01   1.5155727e+01   0.0000000e+00
   1.6411960e+01   1.3317084e+01   0.0000000e+00
   1.8154590e+01   1.0464051e+01   0.0000000e+00
   1.7485415e+01   1.0890344e+01   0.0000000e+00
   1.2322207e+01   1.1518592e+01   0.0000000e+00
   1.6632778e+01   1.1579221e+01   0.0000000e+00
   1.1803439e+01   7.8525637e+00   0.0000000e+00
   1.9763915e+01   9.3913415e+00   0.0000000e+00
   1.5848998e+01   1.3608363e+01   0.0000000e+00
   1.7921215e+01   1.0533791e+01   0.0000000e+00
   1.7405586e+01   1.5884425e+01   0.0000000e+00
   1.7799569e+01   7.7077872e+00   0.0000000e+00
   1.6423402e+01   1.2597364e+01   0.0000000e+00
   1.9470209e+01   1.2246235e+01   0.0000000e+00
   1.9839970e+01   1.0857203e+01   0.0000000e+00
   2.3337826e+01   1.3664594e+01   0.0000000e+00
   1.7020703e+01   1.0315232e+01   0.0000000e+00
   1.2014826e+01   1.2650389e+01   0.0000000e+00
   1.5514668e+01   1.1713944e+01   0.0000000e+00
   2.1244089e+01   9.3985224e+00   0.0000000e+00
   1.3571159e+01   6.6144225e+00   0.0000000e+00
   2.0740947e+01   1.1912817e+01   0.0000000e+00
   1.8945053e+01   1.4353637e+01   0.0000000e+00
   2.2400675e+01   1.3080687e+01   0.0000000e+00
   1.2144425e+01   1.1128050e+01   0.0000000e+00
   1.7750782e+01   1.3276658e+01   0.0000000e+00
   1.3679760e+01   8.6092627e+00   0.0000000e+00
   2.7436707e+01   1.6304735e+01   0.0000000e+00
   2.0028731e+01   1.0624907e+01   0.0000000e+00
   2.2155798e+01   1.2765015e+01   0.0000000e+00
   1.4643675e+01   1.0743771e+01   0.0000000e+00
   1.6668931e+01   1.2064805e+01   0.0000000e+00
   1.6210333e+01   7.9747291e+00   0.0000000e+00
   2.2057221e+01   1.5597002e+01   0.0000000e+00
   1.7439289e+01   1.2952684e+01   0.0000000e+00
   2.1109588e+01   1.6370626e+01   0.0000000e+00
   1.2552886e+01   1.3807433e+01   0.0000000e+00
   1.6944190e+01   1.1846036e+01   0.0000000e+00
   1.5059716e+01   9.7101081e+00   0.0000000e+00
   1.2399375e+01   7.7336547e+00   0.0000000e+00
   1.9532409e+01   1.2287929e+01   0.0000000e+00
   1.8955532e+01   1.2579310e+01   0.0000000e+00
   1.8623350e+01   1.4108381e+01   0.0000000e+00
   1.3523475e+01   9.4311957e+00   0.0000000e+00
   2.1779876e+01   1.4153341e+01   0.0000000e+00
   1.9086253e+01   1.2317949e+01   0.0000000e+00
   1.6715958e+01   1.0303093e+01   0.0000000e+00
   1.8455750e+01   1.3559769e+01   0.0000000e+00
   1.7346841e+01   1.2400312e+01   0.0000000e+00
   1.2631810e+01   1.0654683e+01   0.0000000e+00
   1.8081693e+01   1.5611759e+01   0.0000000e+00
   1.5810520e+01   1.2802796e+01   0.0000000e+00
   1.5007244e+01   1.1289849e+01   0.0000000e+00
   1.4669524e+01   1.1976714e+01   0.0000000e+00
   1.6442852e+01   1.1907313e+01   0.0000000e+00
   1.2078889e+01   1.1345868e+01   0.0000000e+00
   2.1119484e+01   1.3389297e+01   0.0000000e+00
   1.9258421e+01   1.1052994e+01   0.0000000e+00
   1.7541404e+01   1.0395938e+01   0.0000000e+00
   1.8076011e+01   1.2703912e+01   0.0000000e+00
   1.6548055e+01   1.5371102e+01   0.0000000e+00
   2.0902645e+01   1.1895699e+01   0.0000000e+00
   1.7093986e+01   9.9079433e+00   0.0000000e+00
   1.5737137e+01   1.1165644e+01   0.0000000e+00
   2.1812150e+01   1.1707663e+01   0.0000000e+00
   1.7162015e+01   1.1232925e+01   0.0000000e+00
   1.6470672e+01   1.2656521e+01   0.0000000e+00
   1.7053737e+01   1.1593113e+01   0.0000000e+00
   1.5159045e+01   1.0387330e+01   0.0000000e+00
   1.4417732e+01   1.0552402e+01   0.0000000e+00
   2.4916734e+01   1.0617941e+01   0.0000000e+00
   2.2536732e+01   1.1108706e+01   0.0000000e+00
   1.8216105e+01   9.3277652e+00   0.0000000e+00
   1.3970652e+01   1.0339469e+01   0.0000000e+00
   1.4861047e+01   9.3970698e+00   0.0000000e+00
   1.7116818e+01   1.0497416e+01   0.0000000e+00
   2.0223421e+01   1.1792399e+01   0.0000000e+00
   1.3403766e+01   8.9331168e+00   0.0000000e+00
   1.1000717e+01   1.0796342e+01   0.0000000e+00
   1.3822893e+01   1.1956192e+01   0.0000000e+00
   1.8518917e+01   1.0240293e+01   0.0000000e+00
   1.9731022e+01   1.4423522e+01   0.0000000e+00
   1.8561986e+01   9.0536289e+00   0.0000000e+00
   1.7413249e+01   1.1151268e+01   0.0000000e+00
   1.7808724e+01   9.1224721e+00   0.0000000e+00
   1.6399227e+01   1.1072669e+01   0.0000000e+00
   1.9924107e+01   9.7831790e+00   0.0000000e+00
   1.3627499e+01   1.0169483e+01   0.0000000e+00
   1.8994735e+01   1.0746101e+01   0.0000000e+00
   1.4861371e+01   9.2056416e+00   0.0000000e+00
   1.5962909e+01   7.7028365e+00   0.0000000e+00
   1.9940880e+01   1.3406511e+01   0.0000000e+00
   2.2117343e+01   1.6519830e+01   0.0000000e+00
   1.5758748e+01   1.5887836e+01   0.0000000e+00
   2.1535887e+01   1.1645974e+01   0.0000000e+00
   1.9957428e+01   1.2238066e+01   0.0000000e+00
   1.7563530e+01   1.1034573e+01   0.0000000e+00
   1.7452310e+01   1.2054284e+01   0.0000000e+00
   1.6887796e+01   1.0053658e+01   0.0000000e+00
   1.6130944e+01   8.0095131e+00   0.0000000e+00
   1.8050915e+01   1.1938637e+01   0.0000000e+00
   1.7541308e+01   9.5753937e+00   0.0000000e+00
   1.9526971e+01   8.6081628e+00   0.0000000e+00
   2.3768054e+01   1.7511985e+01   0.0000000e+00
   1.9284070e+01   1.1766766e+01   0.0000000e+00
   1.7572800e+01   1.2702905e+01   0.0000000e+00
   2.0471805e+01   1.4697532e+01   0.0000000e+00
   1.7707302e+01   8.7220959e+00   0.0000000e+00
   1.5117272e+01   1.2311413e+01   0.0000000e+00
   2.1098538e+01   1.3478101e+01   0.0000000e+00
   1.8962718e+01   1.2319660e+01   0.0000000e+00
   1.8484424e+01   1.2383184e+01   0.0000000e+00
   1.9281768e+01   1.1201738e+01   0.0000000e+00
   1.9145749e+01   1.3576825e+01   0.0000000e+00
   1.4750572e+01   9.8293738e+00   0.0000000e+00
   1.7114795e+01   1.0326063e+01   0.0000000e+00
   1.7924505e+01   1.3377648e+01   0.0000000e+00
   1.7247238e+01   1.5107083e+01   0.0000000e+00
   2.2853114e+01   1.2068263e+01   0.0000000e+00
   1.5120273e+01   1.0551978e+01   0.0000000e+00
   1.6752592e+01   1.2574240e+01   0.0000000e+00
   1.6400164e+01   1.3788710e+01   0.0000000e+00
   1.4961354e+01   1.3348860e+01   0.0000000e+00
   1.7558354e+01   1.2444171e+01   0.0000000e+00
   1.6860586e+01   1.0594152e+01   0.0000000e+00
   2.2905099e+01   1.4024563e+01   0.0000000e+00
   1.7213309e+01   1.1717020e+01   0.0000000e+00
   1.5495834e+01   1.4221792e+01   0.0000000e+00
   2.2106266e+01   9.9853037e+00   0.0000000e+00
   2.1774653e+01   1.2899803e+01   0.0000000e+00
   1.7955980e+01   1.4464626e+01   0.0000000e+00
   1.3234053e+01   1.0257048e+01   0.0000000e+00
   1.6353704e+01   1.0528036e+01   0.0000000e+00
   1.7065360e+01   1.0054761e+01   0.0000000e+00
   1.8688842e+01   1.1580584e+01   0.0000000e+00
   1.7116247e+01   1.1468368e+01   0.0000000e+00
   1.9398636e+01   1.2495193e+01   0.0000000e+00
   1.8734008e+01   1.0429249e+01   0.0000000e+00
   1.4289232e+01   1.1539736e+01   0.0000000e+00
   1.4854180e+01   1.0318270e+01   0.0000000e+00
   1.5592318e+01   1.0891990e+01   0.0000000e+00
   1.6057462e+01   1.0069750e+01   0.0000000e+00
   1.6897036e+01   1.1274762e+01   0.0000000e+00
   1.9822341e+01   1.9145970e+01   0.0000000e+00
   1.0616234e+01   1.7300476e+01   0.0000000e+00
   1.7202415e+01   1.4065328e+01   0.0000000e+00
   2.2120974e+01   1.4195739e+01   0.0000000e+00
   1.4160827e+01   8.9103746e+00   0.0000000e+00
   2.0508888e+01   1.1297678e+01   0.0000000e+00
   1.8741260e+01   1.0936349e+01   0.0000000e+00
   1.8180633e+01   1.3056099e+01   0.0000000e+00
   1.8788850e+01   1.3057200e+01   0.0000000e+00
   1.3359069e+01   1.1434422e+01   0.0000000e+00
   1.7576239e+01   1.1277161e+01   0.0000000e+00
   2.2348915e+01   1.0950276e+01   0.0000000e+00
   1.8297704e+01   1.2059817e+01   0.0000000e+00
   1.8693696e+01   1.4298986e+01   0.0000000e+00
   1.6011173e+01   1.2487638e+01   0.0000000e+00
   1.7998075e+01   1.2346657e+01   0.0000000e+00
   1.9025781e+01   1.3431133e+01   0.0000000e+00
   1.9571285e+01   1.3381685e+01   0.0000000e+00
   1.6073348e+01   8.5806930e+00   0.0000000e+00
   1.7300023e+01   1.1919321e+01   0.0000000e+00
   2.3858092e+01   1.2159924e+01   0.0000000e+00
   1.0207924e+01   6.8027685e+00   0.0000000e+00
   2.4024061e+01   1.0457618e+01   0.0000000e+00
   1.8852748e+01   1.1529011e+01   0.0000000e+00
   2.1412898e+01   1.4150891e+01   0.0000000e+00
   1.2892860e+01   1.0709332e+01   0.0000000e+00
   1.6361022e+01   1.2229484e+01   0.0000000e+00
   1.6716818e+01   1.0065009e+01   0.0000000e+00
   1.8189496e+01   7.8967524e+00   0.0000000e+00
   1.3036356e+01   1.1352733e+01   0.0000000e+00
   1.8939312e+01   1.0333454e+01   0.0000000e+00
   1.4947753e+01   1.3738756e+01   0.0000000e+00
   1.9066118e+01   1.5503287e+01   0.0000000e+00
   1.9771220e+01   1.1582786e+01   0.0000000e+00
   1.9577612e+01   1.4549258e+01   0.0000000e+00
   2.1724725e+01   1.4448613e+01   0.0000000e+00
   2.0310709e+01   9.6729495e+00   0.0000000e+00
   1.6030599e+01   1.1607833e+01   0.0000000e+00
   1.8901727e+01   1.2650764e+01   0.0000000e+00
   1.5428364e+01   1.2573800e+01   0.0000000e+00
   1.4373028e+01   1.2692679e+01   0.0000000e+00
   2.1111676e+01   1.3811204e+01   0.0000000e+00
   1.8339349e+01   1.3356823e+01   0.0000000e+00
   1.7678953e+01   1.1347381e+01   0.0000000e+00
   2.0923004e+01   1.3214051e+01   0.0000000e+00
   1.8657302e+01   7.7914954e+00   0.0000000e+00
   1.8466428e+01   9.8383992e+00   0.0000000e+00
   2.2351736e+01   1.5029057e+01   0.0000000e+00
   2.0458999e+01   1.1143418e+01   0.0000000e+00
   1.8883069e+01   1.2775000e+01   0.0000000e+00
   1.6682980e+01   1.4671074e+01   0.0000000e+00
   1.5600885e+01   9.8964053e+00   0.0000000e+00
   2.1096663e+01   1.0677482e+01   0.0000000e+00
   1.2918149e+01   1.0208646e+01   0.0000000e+00
   1.8147142e+01   1.2869882e+01   0.0000000e+00
   1.2051076e+01   1.0616048e+01   0.0000000e+00
   2.0572591e+01   1.0554635e+01   0.0000000e+00
   1.9798676e+01   9.2849650e+00   0.0000000e+00
   1.7818355e+01   1.1260058e+01   0.0000000e+00
   1.7676916e+01   1.1522290e+01   0.0000000e+00
   1.0273542e+01   9.6864324e+00   0.0000000e+00
   1.9612531e+01   1.1766642e+01   0.0000000e+00
   1.0874988e+01   8.7129527e+00   0.0000000e+00
   1.1316776e+01   1.1938827e+01   0.0000000e+00
   1.9264088e+01   5.5393080e+00   0.0000000e+00
   1.8148871e+01   1.0021467e+01   0.0000000e+00
   2.1818193e+01   6.8334123e+00   0.0000000e+00
   1.3566949e+01   6.6713426e+00   0.0000000e+00
   1.4240579e+01   6.8070673e+00   0.0000000e+00
   2.2240742e+01   7.7526129e+00   0.0000000e+00
   1.7458876e+01   6.6105593e+00   0.0000000e+00
   1.6495730e+01   8.4671183e+00   0.0000000e+00
   1.6792422e+01   3.9007641e+00   0.0000000e+00
   1.6025202e+01   9.1384673e+00   0.0000000e+00
   1.5467209e+01   7.2266668e+00   0.0000000e+00
   1.4264862e+01   3.5076277e+00   0.0000000e+00
   1.4893100e+01   7.9433181e+00   0.0000000e+00
   1.3760098e+01   7.8932636e+00   0.0000000e+00
   1.6674119e+01   9.3847321e+00   0.0000000e+00
   1.4065788e+01   4.8720268e+00   0.0000000e+00
   2.1145255e+01   9.9996831e+00   0.0000000e+00
   1.6838314e+01   6.6447004e+00   0.0000000e+00
   1.8332388e+01   3.5837221e+00   0.0000000e+00
   1.5192423e+01   4.3777428e+00   0.0000000e+00
   1.6220091e+01   7.8182005e+00   0.0000000e+00
   2.0671219e+01   1.0215039e+01   0.0000000e+00
   1.9814026e+01   4.3679635e+00   0.0000000e+00
   1.6043235e+01   5.7941187e+00   0.0000000e+00
   2.0749052e+01   5.5327075e+00   0.0000000e+00
   1.8367053e+01   9.9973326e+00   0.0000000e+00
   1.6657550e+01   4.3921034e+00   0.0000000e+00
   2.3241755e+01   9.7590118e+00   0.0000000e+00
   2.0294769e+01   5.5186963e+00   0.0000000e+00
   1.9110120e+01   8.0069879e+00   0.0000000e+00
   1.6544652e+01   3.5526224e+00   0.0000000e+00
   1.5134992e+01   8.7313623e+00   0.0000000e+00
   1.4552902e+01   1.5365865e+00   0.0000000e+00
   2.1627258e+01   7.5560294e+00   0.0000000e+00
   1.0145982e+01   5.8312556e+00   0.0000000e+00
   1.3678717e+01   4.0401090e+00   0.0000000e+00
   1.4950361e+01   3.9726809e+00   0.0000000e+00
   1.6749499e+01   7.2928339e+00   0.0000000e+00
   1.0130254e+01   3.0356372e+00   0.0000000e+00
   1.7573084e+01   6.2080587e+00   0.0000000e+00
   1.6779312e+01   7.2533234e-01   0.0000000e+00
   1.2139070e+01   1.3678334e+00   0.0000000e+00
   1.5199763e+01   5.7808503e+00   0.0000000e+00
   1.2918343e+01   7.6291376e+00   0.0000000e+00
   2.0048897e+01   3.5132677e+00   0.0000000e+00
   1.7459871e+01   7.5440906e+00   0.0000000e+00
   1.5494486e+01   6.8632006e+00   0.0000000e+00
   1.2929398e+01   4.3603349e+00   0.0000000e+00
   1.6284019e+01   6.0014808e+00   0.0000000e+00
   2.2148496e+01   1.1224766e+01   0.0000000e+00
   1.6125488e+01   3.3364677e+00   0.0000000e+00
   1.7299918e+01   7.1368437e+00   0.0000000e+00
   1.2502649e+01   5.8149136e+00   0.0000000e+00
   1.6659428e+01   6.7272339e+00   0.0000000e+00
   1.8325545e+01   6.3763199e+00   0.0000000e+00
   1.1996388e+01   5.8720605e+00   0.0000000e+00
   1.9259167e+01   6.0614610e+00   0.0000000e+00
   2.2549589e+01   3.8458009e+00   0.0000000e+00
   1.1034240e+01   4.0530090e+00   0.0000000e+00
   9.9172779e+00   5.4355616e+00   0.0000000e+00
   1.5911597e+01   6.4812731e+00   0.0000000e+00
   1.8579163e+01   7.5868686e+00   0.0000000e+00
   1.6865490e+01   1.0401099e+01   0.0000000e+00
   1.4697515e+01   2.6125021e+00   0.0000000e+00
   1.6359699e+01   7.3640700e+00   0.0000000e+00
   1.2874091e+01   5.7393547e+00   0.0000000e+00
   1.1049261e+01   5.1020676e+00   0.0000000e+00
   2.0398081e+01   5.4045005e+00   0.0000000e+00
   1.6814080e+01   5.8912570e+00   0.0000000e+00
   1.2777355e+01   6.7669194e+00   0.0000000e+00
   1.9440918e+01   7.3903976e+00   0.0000000e+00
   1.1305050e+01   2.1399753e+00   0.0000000e+00
   1.6087795e+01   7.7515364e+00   0.0000000e+00
   1.8347072e+01   6.8694141e+00   0.0000000e+00
   1.4424961e+01   9.3680976e+00   0.0000000e+00
   1.4395398e+01   3.6005073e+00   0.0000000e+00
   1.5727875e+01   4.5707324e+00   0.0000000e+00
   2.0981027e+01   3.4718131e+00   0.0000000e+00
   1.7378877e+01   6.2367364e+00   0.0000000e+00
   1.5299636e+01   7.7906326e+00   0.0000000e+00
   1.5084361e+01   4.9293690e+00   0.0000000e+00
   1.4899600e+01   4.8216558e+00   0.0000000e+00
   1.9772844e+01   6.0640428e+00   0.0000000e+00
   1.5066600e+01   5.5367126e+00   0.0000000e+00
   1.4136627e+01   7.6511769e+00   0.0000000e+00
   1.6729804e+01   6.1520989e+00   0.0000000e+00
   1.5474734e+01   4.9873629e+00   0.0000000e+00
   1.8697041e+01   7.6659664e+00   0.0000000e+00
   1.8196100e+01   3.7508437e+00   0.0000000e+00
   1.9560621e+01   7.7408010e+00   0.0000000e+00
   1.7838257e+01   5.9105881e+00   0.0000000e+00
   1.8967334e+01   1.0595008e+01   0.0000000e+00
   2.1385422e+01   5.6540106e+00   0.0000000e+00
   1.2731720e+01   6.2671717e+00   0.0000000e+00
   1.5017005e+01   6.0620761e+00   0.0000000e+00
   1.0374417e+01   2.9909107e+00   0.0000000e+00
   1.9195922e+01   8.2107464e+00   0.0000000e+00
   1.4951453e+01   1.5582023e+00   0.0000000e+00
   1.4128923e+01   1.9581072e+00   0.0000000e+00
   1.0182155e+01   2.5203028e+00   0.0000000e+00
   1.7203107e+01   8.7029621e+00   0.0000000e+00
   1.5712788e+01   7.8380729e+00   0.0000000e+00
   1.1309940e+01   2.8198328e+00   0.0000000e+00
   1.2437797e+01   5.0617714e+00   0.0000000e+00
   1.3342338e+01   4.1321939e+00   0.0000000e+00
   1.5365722e+01   6.3413340e+00   0.0000000e+00
   1.2104383e+01   9.3783081e+00   0.0000000e+00
   1.5015695e+01   4.1556721e+00   0.0000000e+00
   1.8821456e+01   1.0205421e+01   0.0000000e+00
   1.4637341e+01   4.8811185e+00   0.0000000e+00
   1.3579936e+01   4.3471480e+00   0.0000000e+00
   1.7217183e+01   7.3713224e+00   0.0000000e+00
   1.9657802e+01   7.9687880e+00   0.0000000e+00
   1.4800074e+01   6.3362881e+00   0.0000000e+00
   1.3866135e+01   2.8317318e+00   0.0000000e+00
   1.1346879e+01   3.8994551e+00   0.0000000e+00
   1.2632857e+01   3.7751650e+00   0.0000000e+00
   1.7561430e+01   5.2779318e+00   0.0000000e+00
   1.5267993e+01   4.3789998e+00   0.0000000e+00
   1.8506579e+01   7.2338591e+00   0.0000000e+00
   1.8515463e+01   8.3580297e+00   0.0000000e+00
   1.7002017e+01   5.6865571e+00   0.0000000e+00
   1.8577076e+01   7.4917985e+00   0.0000000e+00
   2.0949856e+01   8.2794975e+00   0.0000000e+00
   1.7797394e+01   6.5560974e+00   0.0000000e+00
   1.7141638e+01   5.6678635e+00   0.0000000e+00
   1.5599893e+01   4.8932792e+00   0.0000000e+00
   1.1691659e+01   3.0526594e+00   0.0000000e+00
   1.4348386e+01   5.2004894e+00   0.0000000e+00
   1.7057306e+01   6.4819334e+00   0.0000000e+00
   1.2572376e+01   5.0708721e+00   0.0000000e+00
   1.7513505e+01   6.6699005e+00   0.0000000e+00
   1.6990958e+01   6.2537830e+00   0.0000000e+00
   1.6635227e+01   7.3906607e+00   0.0000000e+00
   1.6589053e+01   4.8897154e+00   0.0000000e+00
   1.6012266e+01   5.7750915e+00   0.0000000e+00
   1.6054868e+01   6.4731018e+00   0.0000000e+00
   1.5785684e+01   5.2434518e+00   0.0000000e+00
   1.8928588e+01   7.0256164e+00   0.0000000e+00
   1.4841477e+01   2.4058796e+00   0.0000000e+00
   8.3058515e+00   5.5965827e+00   0.0000000e+00
   1.4772461e+01   6.6805708e+00   0.0000000e+00
   1.6587315e+01   6.0956098e+00   0.0000000e+00
   1.8702697e+01   5.7739836e+00   0.0000000e+00
   1.9924478e+01   5.8241797e+00   0.0000000e+00
   1.2323222e+01   2.1197200e+00   0.0000000e+00
   1.8830463e+01   8.5718675e+00   0.0000000e+00
   1.7031647e+01   7.3905045e+00   0.0000000e+00
   1.4831287e+01   3.7214446e+00   0.0000000e+00
   1.5335585e+01   3.0578387e+00   0.0000000e+00
   1.5723102e+01   5.2154556e+00   0.0000000e+00
   1.6761496e+01   7.4318529e+00   0.0000000e+00
   1.7129083e+01   7.7840918e+00   0.0000000e+00
   1.4252653e+01   6.7334221e+00   0.0000000e+00
   1.3249012e+01   7.0135491e+00   0.0000000e+00
   1.9774744e+01   9.9926587e+00   0.0000000e+00
   1.4488574e+01   2.4814969e+00   0.0000000e+00
   2.0478362e+01   7.6462844e+00   0.0000000e+00
   1.3200288e+01   5.4292990e+00   0.0000000e+00
   1.3843140e+01   4.2051796e+00   0.0000000e+00
   2.0622208e+01   8.1441658e+00   0.0000000e+00
   2.0220066e+01   6.6927780e+00   0.0000000e+00
   1.3513055e+01   7.8857283e+00   0.0000000e+00
   1.6102528e+01   4.0352218e+00   0.0000000e+00
   1.9599550e+01   4.9754201e+00   0.0000000e+00
   2.0214861e+01   7.5332024e+00   0.0000000e+00
   1.1701554e+01   3.5825047e+00   0.0000000e+00
   2.0915744e+01   7.0516532e+00   0.0000000e+00
   1.7783979e+01   5.5270121e+00   0.0000000e+00
   1.7230378e+01   8.3070299e+00   0.0000000e+00
   1.5541609e+01   6.7605612e+00   0.0000000e+00
   1.2898517e+01   4.7029939e+00   0.0000000e+00
   1.5965708e+01   4.7701286e+00   0.0000000e+00
   1.5027362e+01   5.0618713e+00   0.0000000e+00
   2.4127325e+01   1.1942791e+01   0.0000000e+00
   1.6545368e+01   5.9957838e+00   0.0000000e+00
   1.5378500e+01   5.5081462e+00   0.0000000e+00
   1.5859147e+01   5.5979175e+00   0.0000000e+00
   1.4919943e+01   8.7262629e+00   0.0000000e+00
   2.1349296e+01   3.5714838e+00   0.0000000e+00
   1.8467309e+01   8.5434571e+00   0.0000000e+00
   1.5865041e+01   4.5988849e+00   0.0000000e+00
   1.9233119e+01   6.0149024e+00   0.0000000e+00
   1.6239318e+01   7.3382449e+00   0.0000000e+00
   1.5238531e+01   4.0782245e+00   0.0000000e+00
   1.4542999e+01   6.5731238e+00   0.0000000e+00
   1.4116231e+01   5.5431643e+00   0.0000000e+00
   2.0114256e+01   4.0046620e+00   0.0000000e+00
   1.8401639e+01   6.7688599e+00   0.0000000e+00
   1.6550995e+01   7.2042462e+00   0.0000000e+00
   2.1432007e+01   8.1278981e+00   0.0000000e+00
   1.5787911e+01   4.8798537e+00   0.0000000e+00
   1.6862060e+01   6.1127462e+00   0.0000000e+00
   1.2051464e+01   6.5346955e+00   0.0000000e+00
   1.7692539e+01   7.3045095e+00   0.0000000e+00
   1.1463373e+01   4.4976590e+00   0.0000000e+00
   1.2399326e+01   2.9625244e+00   0.0000000e+00
   1.8984439e+01   7.0198919e+00   0.0000000e+00
   1.7212406e+01   6.8105489e+00   0.0000000e+00
   1.4132339e+01   8.5605958e+00   0.0000000e+00
   1.4028718e+01   2.6933348e+00   0.0000000e+00
   1.6592162e+01   5.4196347e+00   0.0000000e+00
   1.6877190e+01   6.9784680e+00   0.0000000e+00
   1.0814939e+01   4.9413237e+00   0.0000000e+00
   1.3397118e+01   9.4546584e+00   0.0000000e+00
   1.0497653e+01   4.3791194e+00   0.0000000e+00
   1.4600638e+01   1.2362045e+00   0.0000000e+00
   1.1201585e+01   6.5991593e+00   0.0000000e+00
   1.7406133e+01   3.5528991e+00   0.0000000e+00
   1.3641040e+01   8.1270401e+00   0.0000000e+00
   1.2882632e+01   6.2544373e+00   0.0000000e+00
   2.1199597e+01   6.2069475e+00   0.0000000e+00
   2.1997120e+01   5.1210636e+00   0.0000000e+00
   1.4470840e+01   9.3050521e+00   0.0000000e+00
   1.6043620e+01   6.6005521e+00   0.0000000e+00
   2.1644461e+01   6.0032965e+00   0.0000000e+00
   1.4031759e+01   4.3401002e+00   0.0000000e+00
   2.1062315e+01   6.4979667e+00   0.0000000e+00
   1.9087567e+01   8.9224708e+00   0.0000000e+00
   1.7121934e+01   9.8492477e+00   0.0000000e+00
   1.4954220e+01   5.8778233e+00   0.0000000e+00
   2.1293013e+01   7.7008335e+00   0.0000000e+00
   1.8294834e+01   7.0022549e+00   0.0000000e+00
   1.3277224e+01   2.3856820e+00   0.0000000e+00
   1.7248348e+01   6.4770392e+00   0.0000000e+00
   1.3117094e+01   4.5649337e+00   0.0000000e+00
   1.6232950e+01   5.2189267e+00   0.0000000e+00
   2.0520197e+01   6.4641904e+00   0.0000000e+00
   1.6150138e+01   4.8430376e-01   0.0000000e+00
   1.3353728e+01   4.1510823e+00   0.0000000e+00
   1.7422060e+01   7.6864225e+00   0.0000000e+00
   1.3966988e+01   5.8926843e+00   0.0000000e+00
   2.1799991e+01   5.9778461e+00   0.0000000e+00
   1.0448472e+01   4.4214334e+00   0.0000000e+00
   1.3481481e+01   3.5102619e+00   0.0000000e+00
   1.7965666e+01   4.9909488e+00   0.0000000e+00
   1.3247478e+01   4.4238360e+00   0.0000000e+00
   1.5960602e+01   5.6366933e+00   0.0000000e+00
   1.8257586e+01   7.5031888e+00   0.0000000e+00
   1.9762576e+01   6.5867666e+00   0.0000000e+00
   1.3178879e+01   5.3769374e+00   0.0000000e+00
   1.5072610e+01   4.2440316e+00   0.0000000e+00
   1.5074293e+01   7.7214039e+00   0.0000000e+00
   1.5775038e+01   6.4138391e+00   0.0000000e+00
   1.7391485e+01   7.3168389e+00   0.0000000e+00
   1.4253799e+01   6.1292729e+00   0.0000000e+00
   1.8804201e+01   8.0154796e+00   0.0000000e+00
   1.8036352e+01   9.2384015e+00   0.0000000e+00
   1.4367191e+01   4.9005678e+00   0.0000000e+00
   1.7099136e+01   7.2230971e+00   0.0000000e+00
   1.9292331e+01   7.8507133e+00   0.0000000e+00
   1.8974939e+01   6.4790199e+00   0.0000000e+00
   1.8960598e+01   1.0157987e+01   0.0000000e+00
   1.5315697e+01   4.0102691e+00   0.0000000e+00
   1.3896639e+01   4.7176923e+00   0.0000000e+00
   1.6711262e+01   6.2678480e+00   0.0000000e+00
   1.4614692e+01   5.8193339e+00   0.0000000e+00
   1.4892347e+01   5.3883888e+00   0.0000000e+00
   1.8534592e+01   5.5029964e+00   0.0000000e+00
   2.0753370e+01   8.3726874e+00   0.0000000e+00
   1.7757295e+01   6.1771094e+00   0.0000000e+00
   2.1756430e+01   5.4131076e+00   0.0000000e+00
   1.2268668e+01   8.6610504e+00   0.0000000e+00
   1.6524142e+01   7.8356605e+00   0.0000000e+00
   1.7030275e+01   9.0253258e+00   0.0000000e+00
   2.0830205e+01   6.7537671e+00   0.0000000e+00
   1.8461732e+01   1.0082285e+01   0.0000000e+00
   1.5488318e+01   7.6774341e+00   0.0000000e+00
   1.6758600e+01   2.6609109e+00   0.0000000e+00
   1.7294676e+01   3.7906060e+00   0.0000000e+00
   1.6839691e+01   7.2585738e+00   0.0000000e+00
   9.8594769e+00   4.7538859e+00   0.0000000e+00
   1.8997337e+01   6.2239159e+00   0.0000000e+00
   6.0627593e+00   6.4037682e+00   0.0000000e+00
   1.7179563e+01   9.4591229e+00   0.0000000e+00
   1.1541623e+01   6.0068049e+00   0.0000000e+00
   1.4998333e+01   6.0771077e+00   0.0000000e+00
   2.1321138e+01   1.1201141e+01   0.0000000e+00
   1.4454236e+01   5.7219067e+00   0.0000000e+00
   2.1526264e+01   6.0574915e+00   0.0000000e+00
   1.8037707e+01   5.1991061e+00   0.0000000e+00
   1.4892800e+01   4.4054333e+00   0.0000000e+00
   1.3330253e+01   5.7116243e+00   0.0000000e+00
   1.4081865e+01   4.0303349e+00   0.0000000e+00
   1.6194279e+01   2.4704264e+00   0.0000000e+00
   8.2459603e+00   2.2449602e+00   0.0000000e+00
   1.8063287e+01   7.1799353e+00   0.0000000e+00
   1.7384036e+01   8.3222981e+00   0.0000000e+00
   1.9057896e+01   8.8146369e+00   0.0000000e+00
   2.3298951e+01   1.1649481e+01   0.0000000e+00
   1.4486777e+01   3.6701691e+00   0.0000000e+00
   1.3740640e+01   8.2387973e+00   0.0000000e+00
   1.9579743e+01   6.7531775e+00   0.0000000e+00
   1.8449857e+01   5.5117269e+00   0.0000000e+00
   1.5358018e+01   5.0757753e+00   0.0000000e+00
   1.4664401e+01   7.4825140e+00   0.0000000e+00
   1.7071627e+01   7.4239586e+00   0.0000000e+00
   1.1707564e+01   1.8227516e+00   0.0000000e+00
   1.6710632e+01   8.0824401e+00   0.0000000e+00
   1.4498842e+01   7.3315022e+00   0.0000000e+00
   7.0947060e+00   8.5708920e+00   1.0000000e+00
   5.0859805e+00   1.0161199e+01   1.0000000e+00
   1.0873211e+01   8.5381921e+00   1.0000000e+00
   6.4888203e+00   1.0961470e+01   1.0000000e+00
   1.2040964e+01   9.9897416e+00   1.0000000e+00
   8.1857855e+00   1.0977016e+01   1.0000000e+00
   7.7783110e+00   8.4174328e+00   1.0000000e+00
   1.3121272e+01   1.1561468e+01   1.0000000e+00
   9.7003855e+00   9.6639258e+00   1.0000000e+00
   7.7713904e+00   9.7703563e+00   1.0000000e+00
   6.4376159e+00   9.3443277e+00   1.0000000e+00
   7.6497211e+00   1.0851696e+01   1.0000000e+00
   1.0740544e+01   1.2824052e+01   1.0000000e+00
   1.1810232e+01   1.1598288e+01   1.0000000e+00
   9.1528678e+00   1.0058578e+01   1.0000000e+00
   7.2969579e+00   8.7307588e+00   1.0000000e+00
   1.0031525e+01   1.0226702e+01   1.0000000e+00
   1.0714357e+01   8.7049349e+00   1.0000000e+00
   7.7088058e+00   9.7424655e+00   1.0000000e+00
   1.3612001e+01   1.1846047e+01   1.0000000e+00
   7.8809075e+00   9.7594680e+00   1.0000000e+00
   1.2052697e+01   1.2058650e+01   1.0000000e+00
   1.1755581e+01   9.5432508e+00   1.0000000e+00
   9.3011462e+00   1.0673308e+01   1.0000000e+00
   8.8450139e+00   1.0469666e+01   1.0000000e+00
   1.1195989e+01   8.1613903e+00   1.0000000e+00
   3.4324697e+00   8.6760818e+00   1.0000000e+00
   9.4026957e+00   1.1517500e+01   1.0000000e+00
   8.8660790e+00   8.3140575e+00   1.0000000e+00
   1.0050786e+01   9.8798040e+00   1.0000000e+00
   6.0531461e+00   8.2731681e+00   1.0000000e+00
   4.4756235e+00   8.1076956e+00   1.0000000e+00
   8.0842556e-01   7.8263080e+00   1.0000000e+00
   1.0882247e+01   1.1398238e+01   1.0000000e+00
   1.2235989e+01   1.0333250e+01   1.0000000e+00
   7.7792488e+00   1.0427900e+01   1.0000000e+00
   1.5971422e+01   9.8810053e+00   1.0000000e+00
   7.0396822e+00   9.6207497e+00   1.0000000e+00
   5.3172475e+00   1.0862077e+01   1.0000000e+00
   8.1766930e+00   8.0250793e+00   1.0000000e+00
   9.0898013e+00   8.8939664e+00   1.0000000e+00
   1.1353230e+01   1.1735571e+01   1.0000000e+00
   9.8714476e+00   1.2577953e+01   1.0000000e+00
   6.4501801e+00   8.4761312e+00   1.0000000e+00
   4.5627150e+00   1.0202014e+01   1.0000000e+00
   6.8658578e+00   7.9536751e+00   1.0000000e+00
   5.1060787e+00   1.0577429e+01   1.0000000e+00
   1.1210723e+01   1.0416770e+01   1.0000000e+00
   8.3849802e+00   8.4482266e+00   1.0000000e+00
   3.5936725e+00   1.0207548e+01   1.0000000e+00
   1.0476134e+01   1.2006430e+01   1.0000000e+00
   6.1854942e+00   9.4868700e+00   1.0000000e+00
   1.2781543e+01   9.0571664e+00   1.0000000e+00
   8.8212037e+00   8.3387099e+00   1.0000000e+00
   9.3151348e+00   8.2059449e+00   1.0000000e+00
   6.7573986e+00   1.0361469e+01   1.0000000e+00
   1.0670867e+01   1.0665995e+01   1.0000000e+00
   8.9596360e+00   8.8441053e+00   1.0000000e+00
   9.8747100e+00   1.1195893e+01   1.0000000e+00
   7.7195047e+00   8.3055424e+00   1.0000000e+00
   1.1376349e+01   1.2424058e+01   1.0000000e+00
   1.0440618e+00   6.0766395e+00   1.0000000e+00
   9.4149087e+00   9.6390424e+00   1.0000000e+00
   1.2370613e+01   1.1444426e+01   1.0000000e+00
   8.4316826e+00   9.9612126e+00   1.0000000e+00
   1.0749122e+01   1.0247045e+01   1.0000000e+00
   7.0609582e+00   9.0585711e+00   1.0000000e+00
   1.0107822e+01   1.2999711e+01   1.0000000e+00
   7.1099687e+00   9.1343042e+00   1.0000000e+00
   1.2644477e+01   1.1390505e+01   1.0000000e+00
   1.0773205e+01   1.1957868e+01   1.0000000e+00
   1.3025853e+01   9.9031394e+00   1.0000000e+00
   9.3093140e+00   1.2160440e+01   1.0000000e+00
   8.9552455e+00   1.0648073e+01   1.0000000e+00
   9.4935715e+00   7.8622877e+00   1.0000000e+00
   1.3203789e+01   9.7276037e+00   1.0000000e+00
   1.7859919e+00   9.0651330e+00   1.0000000e+00
   4.1617151e+00   1.0453919e+01   1.0000000e+00
   1.3014072e+01   1.1449087e+01   1.0000000e+00
   1.4889723e+01   1.1613657e+01   1.0000000e+00
   7.9515789e+00   7.7680696e+00   1.0000000e+00
   1.2603715e+01   8.1175159e+00   1.0000000e+00
   1.5914233e+01   1.2669325e+01   1.0000000e+00
   9.8161219e+00   1.1292079e+01   1.0000000e+00
   7.7570743e+00   1.0481619e+01   1.0000000e+00
   8.0322749e+00   1.2176126e+01   1.0000000e+00
   8.7856960e+00   1.2693584e+01   1.0000000e+00
   1.1164333e+01   9.0811581e+00   1.0000000e+00
   8.5006293e+00   1.0011660e+01   1.0000000e+00
   1.5241248e+01   1.1257794e+01   1.0000000e+00
   8.0170660e+00   1.0078644e+01   1.0000000e+00
   6.9132736e+00   1.0089451e+01   1.0000000e+00
   1.0691805e+01   1.0454588e+01   1.0000000e+00
   1.0031904e+01   1.1700450e+01   1.0000000e+00
   9.5629617e+00   6.0156724e+00   1.0000000e+00
   2.7166034e+00   9.3629994e+00   1.0000000e+00
   8.4748625e+00   9.5793498e+00   1.0000000e+00
   3.3588124e+00   8.7468863e+00   1.0000000e+00
   9.5992191e+00   1.0271616e+01   1.0000000e+00
   1.1455230e+01   1.1030813e+01   1.0000000e+00
   1.2453255e+01   9.9264631e+00   1.0000000e+00
   1.1264343e+01   1.0253091e+01   1.0000000e+00
   9.9572573e+00   7.6703465e+00   1.0000000e+00
   1.0992026e+01   8.5611949e+00   1.0000000e+00
   8.7180229e+00   9.4230355e+00   1.0000000e+00
   8.8333814e+00   9.7328780e+00   1.0000000e+00
   1.1741249e+01   8.7056685e+00   1.0000000e+00
   1.1907658e+01   8.5552186e+00   1.0000000e+00
   7.7713844e+00   1.0778126e+01   1.0000000e+00
   3.6486094e+00   9.6630591e+00   1.0000000e+00
   2.5271029e+00   1.1376758e+01   1.0000000e+00
   4.2959859e+00   1.0331835e+01   1.0000000e+00
   5.6500935e+00   7.9515246e+00   1.0000000e+00
   9.6757807e+00   6.8062753e+00   1.0000000e+00
   6.7142483e+00   9.9761028e+00   1.0000000e+00
   8.6758543e+00   9.6336873e+00   1.0000000e+00
   1.0274541e+01   1.0942657e+01   1.0000000e+00
   5.1155591e+00   1.0955095e+01   1.0000000e+00
   6.3891955e+00   9.4446499e+00   1.0000000e+00
   6.7964912e+00   9.9983660e+00   1.0000000e+00
   6.3782245e+00   8.6774270e+00   1.0000000e+00
   8.0426397e+00   1.1670165e+01   1.0000000e+00
   1.1377104e+01   1.0313982e+01   1.0000000e+00
   7.3178101e+00   9.0488748e+00   1.0000000e+00
   1.0945695e+01   9.5221129e+00   1.0000000e+00
   1.0566463e+01   1.2829507e+01   1.0000000e+00
   9.7279551e+00   1.0819495e+01   1.0000000e+00
   1.2051229e+01   1.0923170e+01   1.0000000e+00
   1.5521561e+01   1.1147441e+01   1.0000000e+00
   1.3538297e+01   1.1121695e+01   1.0000000e+00
   4.3895748e+00   1.0233171e+01   1.0000000e+00
   1.0591648e+01   1.0168538e+01   1.0000000e+00
   5.7729442e+00   1.2193333e+01   1.0000000e+00
   2.8957824e+00   9.0376175e+00   1.0000000e+00
   5.1148420e+00   8.3716302e+00   1.0000000e+00
   2.3304381e+00   8.7262994e+00   1.0000000e+00
   5.9610648e+00   1.1435067e+01   1.0000000e+00
   1.3297347e+01   1.1578570e+01   1.0000000e+00
   7.9221275e+00   1.1614997e+01   1.0000000e+00
   1.6977920e+01   1.0482987e+01   1.0000000e+00
   1.0217732e+01   1.0343650e+01   1.0000000e+00
   1.1467699e+01   7.5797345e+00   1.0000000e+00
   8.8456973e+00   1.1374597e+01   1.0000000e+00
   8.1290188e+00   9.7548957e+00   1.0000000e+00
   6.6667075e+00   9.8490474e+00   1.0000000e+00
   9.7864980e+00   1.1568487e+01   1.0000000e+00
   4.4691822e+00   9.1450605e+00   1.0000000e+00
   6.5790529e+00   1.0391242e+01   1.0000000e+00
   5.5769719e+00   8.6024608e+00   1.0000000e+00
   9.3454632e+00   9.2527425e+00   1.0000000e+00
   1.3710204e+01   1.1267264e+01   1.0000000e+00
   1.5409055e+01   1.0329600e+01   1.0000000e+00
   3.2631984e+00   7.1248136e+00   1.0000000e+00
   9.8788824e+00   9.2972266e+00   1.0000000e+00
   7.9105483e+00   1.4168033e+01   1.0000000e+00
   5.9034138e+00   1.0414797e+01   1.0000000e+00
   9.3746702e+00   1.0353662e+01   1.0000000e+00
   7.4617024e+00   9.2449186e+00   1.0000000e+00
   8.6075211e+00   7.2861592e+00   1.0000000e+00
   1.1346197e+01   1.0433949e+01   1.0000000e+00
   5.2698694e+00   5.1009110e+00   1.0000000e+00
   8.2648538e+00   8.5691146e+00   1.0000000e+00
   3.4623916e+00   7.3072091e+00   1.0000000e+00
   7.7862542e+00   9.5650835e+00   1.0000000e+00
   1.2288641e+01   1.1907081e+01   1.0000000e+00
   3.9176898e+00   1.0250215e+01   1.0000000e+00
   1.0039453e+01   9.4517564e+00   1.0000000e+00
   4.4560386e+00   7.1545931e+00   1.0000000e+00
   9.4970323e+00   9.2659461e+00   1.0000000e+00
   7.2934515e+00   8.0865450e+00   1.0000000e+00
   8.2932586e+00   1.0560664e+01   1.0000000e+00
   4.0126475e+00   8.6404024e+00   1.0000000e+00
   6.6918175e+00   1.1851796e+01   1.0000000e+00
   8.3857230e+00   9.7660282e+00   1.0000000e+00
   8.7593785e+00   7.7432134e+00   1.0000000e+00
   8.4498307e+00   1.0061460e+01   1.0000000e+00
   7.2915214e+00   1.0883683e+01   1.0000000e+00
   1.2836882e+01   9.6546582e+00   1.0000000e+00
   8.6019313e+00   1.0868269e+01   1.0000000e+00
   6.7741006e+00   1.0276187e+01   1.0000000e+00
   6.8393928e+00   1.0349077e+01   1.0000000e+00
   8.6752392e+00   9.4874963e+00   1.0000000e+00
   1.1748719e+01   1.0087234e+01   1.0000000e+00
   7.6860172e+00   9.6712287e+00   1.0000000e+00
   1.1576153e+01   1.0068752e+01   1.0000000e+00
   9.2428532e+00   7.8843566e+00   1.0000000e+00
   7.3045422e+00   9.8036032e+00   1.0000000e+00
   6.1912023e+00   7.9691781e+00   1.0000000e+00
   9.5704161e+00   1.0245123e+01   1.0000000e+00
   8.3400854e+00   8.2193339e+00   1.0000000e+00
   6.6938578e+00   1.1772651e+01   1.0000000e+00
   6.8632646e+00   1.0993160e+01   1.0000000e+00
   1.0455627e+01   9.3529488e+00   1.0000000e+00
   1.1184376e+01   1.3253418e+01   1.0000000e+00
   8.4076060e+00   1.1615616e+01   1.0000000e+00
   1.1734402e+01   1.1527934e+01   1.0000000e+00
   7.3283528e+00   6.7858917e+00   1.0000000e+00
   8.2737657e+00   8.0667182e+00   1.0000000e+00
   1.2493781e+01   9.3170253e+00   1.0000000e+00
   7.2819289e+00   9.3464832e+00   1.0000000e+00
   2.4776683e+00   7.4197863e+00   1.0000000e+00
   5.3298837e+00   1.0595957e+01   1.0000000e+00
   9.7157327e+00   9.3031866e+00   1.0000000e+00
   8.3030117e+00   9.6872046e+00   1.0000000e+00
   1.7089457e+01   1.0002584e+01   1.0000000e+00
   4.7282923e+00   9.4430879e+00   1.0000000e+00
   8.6800470e+00   1.1985109e+01   1.0000000e+00
   8.5716107e+00   7.2663680e+00   1.0000000e+00
   4.5900724e+00   8.1456545e+00   1.0000000e+00
   1.2096288e+01   9.6173843e+00   1.0000000e+00
   1.1398215e+01   1.1055289e+01   1.0000000e+00
   1.3321656e+01   8.9282305e+00   1.0000000e+00
   1.0905132e+01   9.4190855e+00   1.0000000e+00
  -1.4394598e+00   9.9901752e+00   1.0000000e+00
   5.7304601e+00   7.8679820e+00   1.0000000e+00
   1.0249654e+01   1.1664951e+01   1.0000000e+00
   6.6574468e+00   1.0268747e+01   1.0000000e+00
   1.0021085e+01   1.0939880e+01   1.0000000e+00
   8.7968197e+00   9.9577952e+00   1.0000000e+00
   7.0582741e+00   8.3395730e+00   1.0000000e+00
   8.7243105e+00   7.6211254e+00   1.0000000e+00
   1.0584935e+01   1.0383963e+01   1.0000000e+00
   1.2643955e+01   1.1416265e+01   1.0000000e+00
   6.5354255e+00   1.0818121e+01   1.0000000e+00
   7.2588690e+00   9.6993996e+00   1.0000000e+00
   7.3325119e+00   1.2256012e+01   1.0000000e+00
   1.1599196e+01   1.0531911e+01   1.0000000e+00
   1.3596985e+01   9.8673099e+00   1.0000000e+00
   1.2198730e+01   1.0474550e+01   1.0000000e+00
   1.2838250e+01   9.4783489e+00   1.0000000e+00
   9.9540853e+00   1.1106078e+01   1.0000000e+00
   7.0619083e+00   1.2094617e+01   1.0000000e+00
   1.1351269e+01   1.1764054e+01   1.0000000e+00
   1.4253618e+01   1.0890306e+01   1.0000000e+00
   1.0109937e+01   8.1106124e+00   1.0000000e+00
   1.1596633e+01   9.3237560e+00   1.0000000e+00
   4.4904198e+00   1.0141517e+01   1.0000000e+00
   1.0690188e+01   1.0056417e+01   1.0000000e+00
   8.9529649e+00   1.2027477e+01   1.0000000e+00
   1.0858243e+01   1.1157283e+01   1.0000000e+00
   1.2400245e+01   8.2324949e+00   1.0000000e+00
   7.2716556e+00   1.0757640e+01   1.0000000e+00
   1.3718387e+01   1.1454695e+01   1.0000000e+00
   6.6950293e+00   1.2343032e+01   1.0000000e+00
   9.1480928e+00   1.0140238e+01   1.0000000e+00
   9.9997715e+00   1.0486610e+01   1.0000000e+00
   1.1727846e+01   7.9569332e+00   1.0000000e+00
   7.8924593e+00   9.2125475e+00   1.0000000e+00
   5.7443128e+00   7.4789139e+00   1.0000000e+00
   1.3205453e+01   1.0203037e+01   1.0000000e+00
   9.8540861e+00   8.9395796e+00   1.0000000e+00
   2.8725432e+00   7.4937809e+00   1.0000000e+00
   9.9584217e+00   1.0089249e+01   1.0000000e+00
   3.6460296e+00   8.2287740e+00   1.0000000e+00
   1.1753082e+01   1.2138947e+01   1.0000000e+00
   1.3829715e+01   1.3757225e+01   1.0000000e+00
   8.4974650e+00   1.0174160e+01   1.0000000e+00
   6.3594980e+00   1.0150872e+01   1.0000000e+00
   1.2093286e+01   7.4305615e+00   1.0000000e+00
   7.9171083e+00   1.2092880e+01   1.0000000e+00
   6.3574365e+00   8.8187200e+00   1.0000000e+00
   5.3319579e+00   1.0207817e+01   1.0000000e+00
   4.5366665e+00   9.2577585e+00   1.0000000e+00
   9.9304062e+00   1.0598077e+01   1.0000000e+00
   7.9788434e+00   9.7708877e+00   1.0000000e+00
   1.1404661e+01   1.0432584e+01   1.0000000e+00
   8.5107011e+00   8.3869068e+00   1.0000000e+00
   8.4107490e+00   1.0136136e+01   1.0000000e+00
   3.3890924e+00   7.2510053e+00   1.0000000e+00
   6.6410383e+00   9.6045110e+00   1.0000000e+00
   9.3680658e+00   1.0305213e+01   1.0000000e+00
   7.6320309e+00   9.4538880e+00   1.0000000e+00
   1.2922856e+01   1.0871093e+01   1.0000000e+00
   3.7712070e+00   1.0778064e+01   1.0000000e+00
   7.9782066e+00   7.5546428e+00   1.0000000e+00
   8.9071185e+00   7.8513317e+00   1.0000000e+00
   6.6469945e+00   8.8536292e+00   1.0000000e+00
   9.4644708e+00   1.0675912e+01   1.0000000e+00
   1.4087513e+01   1.1016935e+01   1.0000000e+00
   5.7422314e+00   9.1518722e+00   1.0000000e+00
   8.1213869e+00   1.0764893e+01   1.0000000e+00
   5.3663901e+00   1.2692434e+01   1.0000000e+00
   1.0860098e+01   8.5998072e+00   1.0000000e+00
   5.1280106e+00   8.3690562e+00   1.0000000e+00
   5.8764185e+00   6.9975475e+00   1.0000000e+00
   1.3308943e+01   1.0627302e+01   1.0000000e+00
   1.1708699e+01   1.1439216e+01   1.0000000e+00
   6.6206392e+00   9.2159577e+00   1.0000000e+00
   1.2376644e+01   1.1940037e+01   1.0000000e+00
   6.9532436e+00   9.4549300e+00   1.0000000e+00
   9.3911934e+00   1.0397365e+01   1.0000000e+00
   1.4807265e+01   1.2071135e+01   1.0000000e+00
   1.5947864e+01   1.1559019e+01   1.0000000e+00
   7.7652499e+00   1.0340582e+01   1.0000000e+00
   9.3379101e+00   1.2130712e+01   1.0000000e+00
   1.1843055e+01   8.9406394e+00   1.0000000e+00
   1.0683111e+01   9.4851319e+00   1.0000000e+00
   8.3897949e+00   1.0374395e+01   1.0000000e+00
   8.2644779e+00   9.4015953e+00   1.0000000e+00
   6.4787575e+00   8.9190064e+00   1.0000000e+00
   2.4001733e+00   1.0398979e+01   1.0000000e+00
   8.3777545e+00   9.1915519e+00   1.0000000e+00
   5.5249126e+00   1.0233232e+01   1.0000000e+00
   8.2611673e+00   9.6565610e+00   1.0000000e+00
   1.6274157e+01   1.0086786e+01   1.0000000e+00
   9.2388344e+00   1.0696047e+01   1.0000000e+00
   1.3615913e+01   1.0889506e+01   1.0000000e+00
   5.0757445e+00   6.7062251e+00   1.0000000e+00
   1.2725001e+01   9.8740870e+00   1.0000000e+00
   3.6555734e+00   7.8799961e+00   1.0000000e+00
   8.1937900e+00   1.0083866e+01   1.0000000e+00
   9.6570208e+00   9.0110278e+00   1.0000000e+00
   1.0856060e+01   1.0164792e+01   1.0000000e+00
   9.0032864e+00   1.1843088e+01   1.0000000e+00
   6.2638545e+00   1.2227962e+01   1.0000000e+00
   5.5865351e+00   1.0832516e+01   1.0000000e+00
   6.3540920e+00   7.3861732e+00   1.0000000e+00
   6.3826611e+00   1.1895048e+01   1.0000000e+00
   7.5852631e+00   1.1438882e+01   1.0000000e+00
   6.2244604e+00   1.0095000e+01   1.0000000e+00
   1.3455314e+01   1.4018325e+01   1.0000000e+00
   9.6714616e+00   9.3895466e+00   1.0000000e+00
   1.0388506e+01   1.2775565e+01   1.0000000e+00
   6.1510983e+00   8.0885558e+00   1.0000000e+00
   9.7112652e+00   9.4871955e+00   1.0000000e+00
   9.6172701e+00   8.3380719e+00   1.0000000e+00
   6.3606368e+00   1.0563107e+01   1.0000000e+00
   5.5416615e+00   1.0189162e+01   1.0000000e+00
   2.9998282e+00   8.4426926e+00   1.0000000e+00
   1.1196288e+01   8.1513810e+00   1.0000000e+00
   5.1542709e+00   5.6499351e+00   1.0000000e+00
   8.8541272e+00   8.5835894e+00   1.0000000e+00
   8.8189740e+00   7.8731394e+00   1.0000000e+00
   9.4719739e+00   1.1018990e+01   1.0000000e+00
   7.4086147e+00   1.1424680e+01   1.0000000e+00
   7.7202968e+00   6.9288505e+00   1.0000000e+00
   7.5550395e+00   7.2868440e+00   1.0000000e+00
   1.2905028e+01   9.6864490e+00   1.0000000e+00
   5.8156505e+00   1.1074151e+01   1.0000000e+00
   8.7582231e+00   1.1818024e+01   1.0000000e+00
   1.2640349e+01   1.2525630e+01   1.0000000e+00
   1.0144287e+01   9.5317347e+00   1.0000000e+00
   5.5380878e+00   8.6871166e+00   1.0000000e+00
   1.1069328e+01   8.6873111e+00   1.0000000e+00
   1.0597711e+00   1.0015844e+01   1.0000000e+00
   7.7516703e+00   1.0999421e+01   1.0000000e+00
   1.3244198e+01   8.1751060e+00   1.0000000e+00
   1.0453434e+01   9.9397980e+00   1.0000000e+00
   1.1215433e+01   9.4405209e+00   1.0000000e+00
   8.9017884e+00   1.0875352e+01   1.0000000e+00
   8.2025175e+00   1.1601769e+01   1.0000000e+00
   1.1447603e+01   1.2008043e+01   1.0000000e+00
   1.6097426e+01   1.1426354e+01   1.0000000e+00
   8.0691874e+00   9.2914036e+00   1.0000000e+00
   1.3167765e+01   9.7146227e+00   1.0000000e+00
   7.0297917e+00   8.0767063e+00   1.0000000e+00
   8.0590888e+00   1.1617500e+01   1.0000000e+00
   1.0682698e+01   8.8476837e+00   1.0000000e+00
   5.7096398e+00   6.8083723e+00   1.0000000e+00
   1.1578723e+01   9.0421646e+00   1.0000000e+00
   4.3855171e+00   1.1671603e+01   1.0000000e+00
   1.8136043e+00   9.6530228e+00   1.0000000e+00
   8.4132093e+00   9.4021859e+00   1.0000000e+00
   1.0047935e+01   1.0405111e+01   1.0000000e+00
   1.2942742e+01   1.0965280e+01   1.0000000e+00
   9.4903890e+00   1.0692821e+01   1.0000000e+00
   1.1809203e+01   1.0015906e+01   1.0000000e+00
   1.0407008e+01   1.3498802e+01   1.0000000e+00
   1.1355960e+01   1.1791199e+01   1.0000000e+00
   5.3506055e+00   5.9939491e+00   1.0000000e+00
   8.4853548e+00   8.5499578e+00   1.0000000e+00
   7.1968829e+00   9.7719259e+00   1.0000000e+00
   8.4381855e+00   1.0674670e+01   1.0000000e+00
   1.5804525e+01   1.0261868e+01   1.0000000e+00
   4.7737723e+00   9.5099563e+00   1.0000000e+00
   9.0050568e+00   9.5228802e+00   1.0000000e+00
   7.6423883e+00   7.9291811e+00   1.0000000e+00
   1.0777077e+01   1.3308457e+01   1.0000000e+00
   1.4319200e+01   1.0243620e+01   1.0000000e+00
   1.2434341e+01   1.3760681e+01   1.0000000e+00
   6.7621930e+00   8.4675974e+00   1.0000000e+00
   4.6215452e+00   9.1840926e+00   1.0000000e+00
   1.1151327e+01   8.2911361e+00   1.0000000e+00
   5.7669652e+00   8.4189589e+00   1.0000000e+00
   7.1248224e+00   1.1138478e+01   1.0000000e+00
   1.0622780e+01   1.1273252e+01   1.0000000e+00
   4.1700134e+00   8.2300571e+00   1.0000000e+00
   1.3714030e+01   1.0693315e+01   1.0000000e+00
   9.1763452e+00   9.3702538e+00   1.0000000e+00
   8.5460258e+00   1.1171242e+01   1.0000000e+00
   1.1192677e+01   9.0883604e+00   1.0000000e+00
   1.1885372e+01   1.2575528e+01   1.0000000e+00
   7.7873818e+00   7.5997217e+00   1.0000000e+00
   1.2394223e+01   1.0766819e+01   1.0000000e+00
   9.6480265e+00   7.8406564e+00   1.0000000e+00
   1.2082312e+01   9.2415205e+00   1.0000000e+00
   9.4677418e+00   8.4656294e+00   1.0000000e+00
   8.8913669e+00   1.2265898e+01   1.0000000e+00
   1.4197481e+01   1.0280842e+01   1.0000000e+00
   6.7481281e+00   1.0253769e+01   1.0000000e+00
